from	to
8797	5970
8797	7157
8797	3725
8797	6667
8797	2113
8797	4602
8797	4790
8835	3716
8835	6772
8835	6778
8835	6777
8835	6773
8835	6775
8835	6774
8835	7297
8835	2099
8835	4602
8835	6776
9021	3716
9021	6772
9021	6778
9021	1027
9021	6777
9021	6773
9021	6775
9021	5970
9021	6774
9021	7297
9021	2099
9021	4790
9021	6776
8795	5970
8795	7157
8795	6667
8795	2113
8795	4602
8795	4790
8651	3716
8651	6772
8651	6778
8651	6777
8651	6773
8651	6775
8651	6774
8651	3091
8651	7297
8651	2113
8651	6776
5071	26034
4616	5160
4616	5468
4616	4088
4616	5467
4616	4089
4616	5970
4616	5465
4616	7157
4616	367
4616	2099
4616	5914
10912	5160
10912	5468
10912	5467
10912	5465
10912	7157
10912	367
10912	1051
10912	1052
10912	2099
10912	5914
3939	1385
3939	4609
3939	1387
3939	2033
3939	405
3939	3091
3939	6667
3939	466
5230	1387
5230	2033
5230	405
5230	3091
5230	466
5230	4782
2353	4313
2353	5160
2353	2950
2353	355
2353	6772
2353	2314
2353	4089
2353	5743
2353	7157
2353	2002
2353	1386
2353	4842
2353	7040
2353	3553
2353	7124
2353	3725
2353	5228
2353	7422
2353	7423
2353	7424
2353	1385
2353	6774
2353	3558
2353	466
2353	1051
2353	2099
2353	2100
2353	2113
2353	2114
2353	2118
2353	2313
2353	4782
2353	4790
2353	5241
2353	6352
2353	595
2353	1026
2353	4318
2353	3569
2353	1081
2353	4922
2353	5329
2353	6707
2353	7432
2353	5179
2353	4481
2353	2194
2353	2006
2353	7076
2353	3122
2353	4314
2353	4322
2353	959
2353	5730
2353	3868
7039	6775
7039	7157
7039	3091
7039	2034
7039	2099
7039	5241
7039	7020
4313	2078
4313	5970
4313	7157
4313	3725
4313	4609
4313	6667
4313	2113
4313	2118
4313	2313
4313	6688
4313	7020
5160	5468
5160	5467
5160	5465
5160	3725
5160	4609
5160	6667
5160	367
5160	7020
2950	5970
2950	1385
2950	4609
2950	367
2950	4790
2950	5914
2950	5915
2950	5916
2078	672
2078	7048
2078	3725
2078	2099
2078	2114
2078	2313
2078	6688
2078	4318
2078	930
2078	3162
2078	4846
2078	4314
2078	7134
2078	290
2078	7431
4282	7157
4282	367
4282	5914
4282	5915
4282	5916
3716	672
3716	6772
3716	6778
3716	6777
3716	6773
3716	6775
3716	122809
3716	6774
3716	3558
3716	7297
3716	6776
3716	30837
3716	9306
3716	9655
3716	5771
355	1050
355	7157
355	3725
355	1385
355	6774
355	6667
355	1958
355	4602
355	4790
355	7020
894	5468
894	6772
894	6778
894	1027
894	6777
894	6773
894	5467
894	6775
894	5465
894	2002
894	6654
894	3725
894	1499
894	4609
894	6774
894	51176
894	6934
894	83439
894	6667
894	367
894	2313
894	4790
894	5933
894	6776
894	6932
894	7391
894	7392
896	6772
896	6778
896	1027
896	6777
896	6773
896	6775
896	2002
896	6654
896	3725
896	1499
896	6774
896	51176
896	6934
896	83439
896	2313
896	5933
896	6776
896	6932
4261	6772
4261	3725
4261	1385
4261	466
4261	2113
4261	6688
4261	7391
2645	5468
2645	6772
2645	6777
2645	6774
2645	3091
2645	367
2645	7391
5468	1050
5468	6777
5468	4088
5468	5743
5468	7422
5468	1647
5468	488
5468	1385
5468	4609
5468	596
5468	5054
5468	367
5468	1051
5468	1958
5468	2099
5468	2100
5468	4602
5468	5451
5468	5914
5468	5915
5468	1906
5468	2205
5468	6319
5468	51129
5468	7350
5468	595
5468	335
5468	338
5468	348
5468	8209
5468	958
5468	9308
5468	1026
5468	1588
5468	1956
5468	3988
5468	4318
5468	8996
5468	5744
5468	56729
5468	949
5468	10648
5468	10501
5468	54575
5468	3569
672	7157
672	2002
672	1647
672	1385
672	6774
672	596
672	6667
672	367
672	466
672	2099
672	2113
672	2114
672	2118
672	4790
672	7392
672	374
672	231
672	23415
672	131096
672	5111
6772	6778
6772	6777
6772	6773
6772	598
6772	4170
6772	4089
6772	6775
6772	51588
6772	122809
6772	1154
6772	10401
6772	7157
6772	4843
6772	3725
6772	5228
6772	7422
6772	7423
6772	7424
6772	316
6772	7054
6772	4609
6772	1387
6772	2033
6772	6774
6772	596
6772	7297
6772	1277
6772	2100
6772	8554
6772	9063
6772	30837
6772	8731
6772	5328
6772	9306
6772	9655
6772	5771
6772	3383
6772	595
6772	2670
6772	5292
6772	1447
6772	348
6772	958
6772	1026
6772	1588
6772	1956
6772	4582
6772	8996
6772	4056
6772	11336
6772	7432
6772	4144
6772	5980
6772	7076
6772	943
6772	26229
6772	3559
6772	7078
6772	3315
6772	3718
6772	2
6772	1178
6772	5551
6772	754
6778	6777
6778	6773
6778	598
6778	4170
6778	4089
6778	6775
6778	51588
6778	122809
6778	1154
6778	10401
6778	316
6778	4609
6778	1387
6778	2033
6778	6774
6778	596
6778	7297
6778	8554
6778	9063
6778	30837
6778	9306
6778	9655
6778	5771
6778	595
6778	2670
6778	5292
6778	3718
1027	4609
1027	1387
1027	2033
1027	405
1027	3091
1027	2113
1027	5915
1027	595
5425	3725
5425	1385
5425	4609
5425	4782
5425	7020
1050	7332
1050	5743
1050	7157
1050	2002
1050	4843
1050	7040
1050	3552
1050	1647
1050	1385
1050	4609
1050	596
1050	6667
1050	4602
1050	861
1050	7020
1050	7391
1050	7392
1050	1906
1050	2152
1050	6352
1050	6319
1050	595
1050	1447
1050	7018
1050	5243
1050	213
1050	335
1050	338
1050	1012
1050	1026
1050	1071
1050	9982
1050	3157
1050	23415
1050	131096
1050	3569
1050	189
1050	183
1050	1636
1050	5111
1050	3308
1050	3484
1050	4057
1050	4144
1050	4311
1050	4321
1050	4353
1050	4481
1050	2516
1050	5669
1050	6441
1050	6647
1050	7166
1050	11344
1050	2668
1050	10875
1050	2204
1050	2194
1050	8288
1050	1465
1050	7077
1050	1831
1050	2006
1050	2322
1050	1991
1050	1551
1050	1056
1050	930
1050	929
1050	891
6777	6773
6777	598
6777	4170
6777	6775
6777	51588
6777	122809
6777	1154
6777	10401
6777	7124
6777	316
6777	7054
6777	4609
6777	1387
6777	2033
6777	6774
6777	596
6777	7297
6777	367
6777	2099
6777	2100
6777	5079
6777	8554
6777	9063
6777	5914
6777	30837
6777	8731
6777	9306
6777	9655
6777	5771
6777	51129
6777	595
6777	2670
6777	5292
6777	1447
6777	958
6777	1956
6777	4582
6777	11336
6777	2322
6777	1056
6777	3559
6777	7078
6777	3718
6777	5551
6777	754
6773	598
6773	4170
6773	4089
6773	6775
6773	51588
6773	122809
6773	1154
6773	10401
6773	316
6773	4609
6773	1387
6773	2033
6773	6774
6773	596
6773	7297
6773	8554
6773	9063
6773	30837
6773	9306
6773	9655
6773	5771
6773	595
6773	2670
6773	5292
6773	348
6773	3718
3099	1387
3099	2033
3099	405
3099	3091
3099	6667
3099	7020
7332	7157
7332	4609
7332	6667
7332	2099
7332	7020
4088	598
4088	4089
4088	7048
4088	7040
4088	3725
4088	7422
4088	1499
4088	7042
4088	7043
4088	4609
4088	1387
4088	2033
4088	51176
4088	5054
4088	6667
4088	367
4088	1051
4088	1875
4088	5933
4088	5972
4088	1906
4088	1030
4088	374
4088	231
4088	338
4088	1026
4088	4318
4088	8996
4088	5744
4088	7432
4088	8288
4088	7076
4088	7134
4088	4322
6670	4089
6670	7048
6670	7040
6670	7124
6670	316
6670	4609
6670	1277
6670	2099
6670	5241
6670	5460
6670	7391
6670	7392
6670	8731
6670	2152
6670	1508
6670	595
6670	1030
6670	354
6670	335
6670	9308
6670	1026
6670	1543
6670	1592
6670	3292
6670	3818
6670	3991
6670	4586
6670	8996
6670	4014
6670	4056
6670	3484
6670	7077
6670	1551
6670	929
6670	9156
6670	1583
6670	768
6670	4846
6670	7134
6670	695
6670	3868
6670	1736
5467	5970
5467	7422
5467	1647
5467	4609
5467	51176
5467	6934
5467	83439
5467	5054
5467	3728
5467	4602
5467	6932
5467	2205
5467	51129
5467	7350
5467	595
5467	335
5467	3988
5467	8996
5467	949
5467	10648
5467	10501
5467	7352
598	6775
598	4791
598	5970
598	7157
598	6654
598	6774
598	4602
598	4790
598	5241
598	5966
598	6776
4170	6775
4170	2002
4170	1386
4170	1385
4170	4609
4170	6774
2314	10401
2314	1385
2314	6667
2314	466
2314	2114
2314	2118
2314	6688
2314	7020
4089	4087
4089	5743
4089	7048
4089	7040
4089	3725
4089	1499
4089	4609
4089	1387
4089	2033
4089	51176
4089	6934
4089	83439
4089	5054
4089	6667
4089	367
4089	1051
4089	1875
4089	2099
4089	2113
4089	5933
4089	6932
4089	1906
4089	1030
4089	3398
4089	374
4089	231
4089	338
4089	1026
4089	7080
4089	5744
4089	7432
4089	8288
4089	7076
4089	7134
6775	51588
6775	122809
6775	1154
6775	10401
6775	316
6775	4609
6775	1387
6775	2033
6775	6774
6775	596
6775	7297
6775	8554
6775	9063
6775	30837
6775	9306
6775	9655
6775	5771
6775	595
6775	2670
6775	5292
6775	3559
6775	3718
6775	5551
6775	754
4087	7048
4087	7040
4087	7042
4087	7043
4087	4609
4087	1387
4087	2033
4087	5054
4087	6667
4087	1875
4087	5933
4087	1030
4087	1026
120892	4892
51588	4609
51588	6774
51588	6776
51588	1030
122809	6774
122809	7297
122809	6776
1154	6774
1154	6776
11232	1385
11232	4609
11232	6667
11232	466
10401	7157
10401	4609
10401	6774
10401	6776
10401	1030
5743	4791
5743	5970
5743	5465
5743	7157
5743	1386
5743	3725
5743	1385
5743	6667
5743	367
5743	466
5743	1051
5743	1052
5743	2113
5743	2118
5743	4602
5743	4782
5743	4790
5743	5915
5743	5966
5743	7020
5743	7391
5743	7392
4791	5970
4791	4843
4791	3725
4791	329
4791	596
4791	6667
4791	3383
4791	595
4791	1956
4791	330
4791	7412
4791	959
5970	5971
5970	5465
5970	7157
5970	4843
5970	3552
5970	3553
5970	7124
5970	5228
5970	7422
5970	7423
5970	7424
5970	1499
5970	4609
5970	329
5970	596
5970	3091
5970	3558
5970	268
5970	5054
5970	6667
5970	1277
5970	367
5970	675
5970	1958
5970	4602
5970	5241
5970	7490
5970	1906
5970	5328
5970	2152
5970	6352
5970	1508
5970	345
5970	3383
5970	595
5970	374
5970	231
5970	1012
5970	1956
5970	4318
5970	8996
5970	5284
5970	3569
5970	189
5970	183
5970	6401
5970	11344
5970	1465
5970	929
5970	3559
5970	330
5970	4314
5970	3315
5970	10148
5970	7412
5970	959
5970	2
5971	3725
5971	4790
5971	3383
5971	958
5971	1026
5971	5284
5971	6401
5971	929
5465	7040
5465	3725
5465	7422
5465	1647
5465	1385
5465	4609
5465	5054
5465	4602
5465	4790
5465	1906
5465	2205
5465	345
5465	6319
5465	51129
5465	7350
5465	595
5465	335
5465	338
5465	1543
5465	2805
5465	3157
5465	3988
5465	3991
5465	4318
5465	8996
5465	5742
5465	56729
5465	10648
5465	10501
5465	7352
7157	4843
7157	7040
7157	3553
7157	7124
7157	2064
7157	3725
7157	7422
7157	1647
7157	1499
7157	4609
7157	1387
7157	2033
7157	6774
7157	329
7157	596
7157	3091
7157	3558
7157	268
7157	5054
7157	675
7157	1875
7157	1958
7157	2099
7157	2113
7157	2114
7157	4782
7157	4790
7157	7849
7157	5371
7157	7391
7157	7490
7157	595
7157	7037
7157	8900
7157	354
7157	5243
7157	1012
7157	1026
7157	1956
7157	3818
7157	8996
7157	5742
7157	5744
7157	6279
7157	6280
7157	6609
7157	7051
7157	3569
7157	1113
7157	1081
7157	6573
7157	5111
7157	3308
7157	891
7157	3481
7157	7015
7157	332
7157	7078
7157	330
7157	4846
7157	4830
7157	6916
7157	4322
7157	1509
2002	7124
2002	2064
2002	4609
2002	329
2002	6667
2002	367
2002	1958
2002	4602
2002	4790
2002	5327
2002	595
2002	6532
2002	11344
2002	330
2002	768
1386	7124
1386	3725
1386	7042
1386	1385
1386	596
1386	6667
1386	7020
1386	5327
1386	345
1386	595
1386	8900
1386	1026
1386	3630
1386	1584
1386	1081
1386	3135
1386	4907
1386	1585
1386	7432
1386	5179
1386	1636
1386	6401
1386	3077
4842	1385
4842	466
4842	2113
4842	4782
4842	4790
4842	7020
4843	3725
4843	1387
4843	2033
4843	6774
4843	405
4843	3091
4843	1051
4843	1052
4843	2099
4843	4790
7048	7040
7048	7042
7048	7043
7048	1958
7048	2113
7048	2114
7048	2118
7048	2313
7048	6688
7040	3725
7040	1385
7040	4609
7040	3091
7040	6667
7040	367
7040	1051
7040	1958
7040	2034
7040	5914
7040	7391
7040	7392
7040	7490
3552	3725
3552	6667
3552	1051
3552	1052
3552	4790
3553	3725
3553	1385
3553	6667
3553	466
3553	1051
3553	1052
3553	4790
3553	5966
3553	6688
7124	3725
7124	1385
7124	6774
7124	6667
7124	466
7124	1051
7124	1052
7124	1958
7124	2113
7124	2118
7124	4790
7124	5451
7124	6688
7124	6776
7124	7020
6654	4609
6654	6774
6654	367
6654	1958
6654	4782
6654	5914
6654	7020
6654	7391
6654	595
2064	1499
2064	1385
2064	466
2064	2113
2064	2118
2064	4602
2064	7020
3725	5228
3725	7422
3725	7423
3725	7424
3725	488
3725	1385
3725	226
3725	7054
3725	4609
3725	6774
3725	3558
3725	51176
3725	6934
3725	83439
3725	5054
3725	6667
3725	1277
3725	367
3725	466
3725	1958
3725	2099
3725	2100
3725	2113
3725	2114
3725	4602
3725	4782
3725	5241
3725	5914
3725	5915
3725	5916
3725	5966
3725	6688
3725	6932
3725	1906
3725	8731
3725	2152
3725	6352
3725	5327
3725	3383
3725	595
3725	7037
3725	5443
3725	8061
3725	4316
3725	351
3725	5243
3725	348
3725	1026
3725	1588
3725	9982
3725	4318
3725	4585
3725	8996
3725	5449
3725	5742
3725	3569
3725	1113
3725	1081
3725	4922
3725	5329
3725	6532
3725	6707
3725	11336
3725	7432
3725	5179
3725	1636
3725	6401
3725	3077
3725	4144
3725	4321
3725	6441
3725	6647
3725	11344
3725	10875
3725	2194
3725	7077
3725	2006
3725	4200
3725	56125
3725	5055
3725	7076
3725	943
3725	1621
3725	1594
3725	1583
3725	9620
3725	875
3725	3560
3725	7980
3725	4314
3725	7134
3725	7431
3725	8431
3725	3875
3725	3718
3725	3687
3725	921
3725	146664
3725	6916
3725	7412
3725	9332
3725	2629
3725	4322
3725	5730
3725	3868
3725	3485
3725	973
3725	933
3725	6590
3725	7343
5228	4609
5228	6774
5228	3091
5228	2034
5228	2113
5228	4790
7422	4609
7422	1387
7422	2033
7422	6774
7422	405
7422	3091
7422	6667
7422	367
7422	1958
7422	2034
7422	2113
7422	4790
7422	5241
7422	5914
7422	7020
7423	4609
7423	6774
7423	3091
7423	6667
7423	1958
7423	2034
7423	2113
7423	4790
7423	7020
7424	4609
7424	6774
7424	3091
7424	2034
7424	2113
7424	4790
7424	7020
1647	367
1647	2099
1647	4790
1647	5451
1647	5914
1499	1387
1499	2033
1499	51176
1499	6934
1499	83439
1499	1958
1499	8607
1499	6932
1499	7020
1499	595
1499	1956
1499	5175
7042	1385
7042	4609
7042	3091
7042	367
7042	466
7042	2034
7042	5914
7042	7391
7042	7392
7043	1385
7043	4609
7043	3091
7043	2034
7043	7020
488	367
488	1958
488	7020
488	7391
488	7392
155	1385
155	466
627	1385
1385	7054
1385	4609
1385	1387
1385	2033
1385	6774
1385	596
1385	3558
1385	1051
1385	1958
1385	2313
1385	5915
1385	861
1385	5972
1385	2152
1385	3356
1385	6352
1385	5327
1385	51129
1385	7350
1385	3383
1385	595
1385	7018
1385	7037
1385	3398
1385	8900
1385	374
1385	1588
1385	3630
1385	4582
1385	4585
1385	5742
1385	56729
1385	6528
1385	7038
1385	7173
1385	3569
1385	1584
1385	1113
1385	1081
1385	2689
1385	3135
1385	4014
1385	4056
1385	9412
1385	4628
1385	4922
1385	5122
1385	5423
1385	6573
1385	6574
1385	6532
1385	8869
1385	925
1385	796
1385	360
1385	43
1385	7150
1385	7368
1385	1585
1385	7432
1385	5179
1385	3077
1385	3484
1385	2516
1385	7166
1385	11344
1385	2668
1385	1831
1385	2006
1385	89874
1385	4200
1385	4477
1385	4778
1385	4864
1385	4953
1385	56125
1385	5046
1385	5082
1385	5376
1385	23082
1385	5827
1385	5980
1385	5055
1385	6723
1385	6725
1385	6898
1385	7076
1385	943
1385	8013
1385	2908
1385	4340
1385	1655
1385	7425
1385	3162
1385	3122
1385	3119
1385	3112
1385	9156
1385	2117
1385	1738
1385	1734
1385	1621
1385	1594
1385	1583
1385	1139
1385	9620
1385	920
1385	683
1385	593
1385	26229
2027	1387
2027	2033
2027	405
2027	3091
2026	4609
2026	1387
2026	2033
2026	405
2026	3091
2023	4609
2023	1387
2023	2033
2023	405
2023	3091
2597	4609
2597	1387
2597	2033
2597	405
2597	3091
226	1387
226	2033
226	405
226	3091
226	6667
226	4782
5211	1387
5211	2033
5211	405
5211	3091
5209	1387
5209	2033
5209	405
5209	3091
5209	4782
5209	5241
5209	7020
3350	6667
316	6774
316	6667
7054	6774
7054	466
7054	3201
7054	7020
4609	6774
4609	596
4609	3091
4609	3558
4609	51176
4609	6934
4609	83439
4609	7297
4609	6667
4609	367
4609	675
4609	1053
4609	1875
4609	2099
4609	2113
4609	2114
4609	3214
4609	3728
4609	4602
4609	4782
4609	4790
4609	5241
4609	8554
4609	9063
4609	5451
4609	5452
4609	5914
4609	5915
4609	5933
4609	6776
4609	6932
4609	7020
4609	7490
4609	8731
4609	6319
4609	7350
4609	3383
4609	595
4609	1030
4609	7037
4609	3398
4609	8061
4609	351
4609	8209
4609	23415
4609	131096
4609	8570
4609	4318
4609	4582
4609	8996
4609	7352
4609	5423
4609	6573
4609	328
4609	43
4609	7150
4609	1636
4609	5111
4609	3308
4609	4144
4609	4353
4609	6647
4609	2194
4609	891
4609	89874
4609	4953
4609	6723
4609	6725
4609	943
4609	1655
4609	7425
4609	3162
4609	593
4609	875
4609	7015
4609	3291
4609	790
4609	124872
4609	142
4609	4830
4609	1736
4609	6233
4609	6617
4609	1048
1387	6774
1387	596
1387	3091
1387	51176
1387	6934
1387	83439
1387	5054
1387	2034
1387	2100
1387	2313
1387	4602
1387	5915
1387	6776
1387	6932
1387	1906
1387	1030
1387	7018
1387	7037
2033	6774
2033	596
2033	3091
2033	51176
2033	6934
2033	83439
2033	5054
2033	2034
2033	5915
2033	6776
2033	6932
2033	1906
2033	1030
2033	7018
2033	7037
6774	596
6774	3091
6774	7297
6774	1277
6774	367
6774	466
6774	1051
6774	2100
6774	8554
6774	9063
6774	5914
6774	30837
6774	9306
6774	9655
6774	5771
6774	595
6774	2670
6774	5292
6774	1447
6774	5443
6774	958
6774	1026
6774	1588
6774	4582
6774	4585
6774	8996
6774	3569
6774	11336
6774	7432
6774	2194
6774	1465
6774	2322
6774	7076
6774	943
6774	3162
6774	26229
6774	332
6774	3559
6774	7078
6774	3718
6774	2
6774	5551
6774	754
329	51176
329	6934
329	83439
329	2113
329	4790
596	405
596	3091
596	6667
596	367
596	466
596	1958
596	2113
596	4602
596	4790
596	5914
596	5915
596	5916
596	6776
596	7490
405	3091
405	5054
405	2034
405	1906
405	7018
405	7037
3091	5054
3091	6667
3091	2099
3091	1906
3091	2152
3091	595
3091	7018
3091	7037
3091	3398
3091	5243
3091	1012
3091	1026
3091	4907
3091	3484
3091	8288
3091	7076
3091	2908
3091	3162
3091	7015
3091	768
3558	6667
3558	367
3558	1958
3558	2113
3558	2114
3558	4790
3558	5451
3558	5452
3558	5914
3558	5915
3558	5916
3558	5966
64321	51176
64321	6934
64321	83439
64321	6932
51176	83439
51176	6667
51176	3728
51176	8607
51176	595
51176	8061
51176	4316
51176	8996
51176	4907
51176	7368
51176	1991
51176	332
51176	7431
6934	3728
6934	8607
6934	595
6934	8061
6934	4316
6934	332
83439	3728
83439	8607
83439	595
83439	8061
83439	4316
83439	332
268	6667
268	367
268	5914
268	5915
268	5916
268	7490
5054	6667
5054	367
5054	1958
5054	2034
5054	2099
5054	2100
5054	2113
5054	4782
5054	7020
5054	7391
5054	7392
5054	5327
7297	6776
7297	30837
7297	9306
7297	9655
7297	5771
6667	1277
6667	367
6667	1958
6667	2099
6667	2100
6667	2113
6667	2114
6667	2313
6667	3204
6667	3728
6667	4602
6667	5241
6667	5451
6667	5460
6667	5914
6667	5966
6667	861
6667	6688
6667	7020
6667	7391
6667	7392
6667	7490
6667	8731
6667	5328
6667	3356
6667	595
6667	1030
6667	8900
6667	8061
6667	374
6667	351
6667	5243
6667	231
6667	213
6667	9308
6667	1026
6667	1071
6667	1588
6667	1543
6667	1592
6667	1956
6667	3292
6667	23415
6667	131096
6667	3880
6667	3991
6667	4318
6667	4585
6667	4586
6667	8996
6667	5744
6667	949
6667	2689
6667	3135
6667	4056
6667	5329
6667	5423
6667	11336
6667	328
6667	189
6667	183
6667	3484
6667	4057
6667	4144
6667	4311
6667	4321
6667	5669
6667	6647
6667	10875
6667	2204
6667	2194
6667	7077
6667	1551
6667	930
6667	929
6667	891
6667	4953
6667	5046
6667	5055
6667	7076
6667	943
6667	2908
6667	1655
6667	3162
6667	9156
6667	1621
6667	1594
6667	1583
6667	1139
6667	683
6667	7015
6667	3560
6667	7980
6667	7134
6667	7431
6667	3315
6667	3875
6667	3718
6667	3687
6667	921
6667	4332
6667	6948
6667	9332
6667	8174
6667	695
6667	3868
6667	3485
6667	933
6667	6590
6667	7343
6667	1736
6667	1048
6667	1178
6667	1576
1277	2313
1277	4602
1277	4782
1277	4790
367	1958
367	2099
367	2100
367	2113
367	3201
367	3204
367	3214
367	4602
367	4790
367	5371
367	5451
367	5460
367	5914
367	5915
367	5916
367	6932
367	1906
367	5328
367	2205
367	5327
367	345
367	6319
367	51129
367	7350
367	3383
367	595
367	374
367	6121
367	354
367	5243
367	231
367	213
367	250
367	335
367	338
367	348
367	8209
367	958
367	9308
367	1012
367	1026
367	1071
367	1382
367	1588
367	1543
367	1592
367	1956
367	9982
367	2805
367	3157
367	3292
367	3630
367	23415
367	131096
367	8570
367	3818
367	3880
367	3988
367	3991
367	4318
367	4582
367	4585
367	4586
367	7080
367	8996
367	5284
367	10957
367	5449
367	5742
367	5744
367	5920
367	56729
367	6279
367	6280
367	949
367	10648
367	10501
367	6439
367	6528
367	6594
367	6595
367	6609
367	7038
367	7051
367	7173
367	7352
367	54575
367	3569
466	1958
466	2313
466	6352
466	7350
466	7037
466	3398
466	8900
466	4582
466	7038
466	3569
466	1584
466	1113
466	1081
466	2689
466	3135
466	4014
466	4056
466	9412
466	4628
466	4907
466	4922
466	5122
466	5329
466	5423
466	6573
466	6574
466	6532
466	6707
466	8869
466	11336
466	925
466	796
466	360
466	328
466	189
466	183
466	43
466	7150
466	7368
466	7433
466	1585
466	7432
675	2099
675	2113
675	4790
675	7391
675	7392
1051	1958
1051	5460
1051	2152
1051	6352
1051	3383
1051	7018
1051	5243
1051	213
1051	1012
1051	1071
1051	1588
1051	3157
1051	5742
1051	54575
1051	3569
1051	7150
1051	6441
1051	6647
1051	1465
1051	2006
1051	930
1051	929
1051	3481
1051	1645
1052	5460
1052	2152
1052	6352
1052	595
1052	7018
1052	1071
1052	1588
1052	3157
1052	3569
1052	6441
1052	1465
1052	2006
1053	4602
1053	6688
1053	8996
1053	4057
1053	4353
1053	2623
1875	5933
1958	2113
1958	2114
1958	4602
1958	7020
1958	7490
1958	5328
1958	2152
1958	6352
1958	51129
1958	595
1958	374
1958	5243
1958	231
1958	335
1958	1012
1958	1382
1958	1956
1958	23415
1958	131096
1958	6528
1958	7173
1958	3569
1958	1113
1958	43
1958	1636
1958	6647
1958	2194
1958	8288
1958	7077
1958	2322
1958	930
1958	3481
1958	7076
1958	1139
1958	5175
1958	3560
1958	3291
1958	7980
1958	7078
2034	768
2034	4846
2099	4602
2099	5241
2099	5914
2099	6776
2099	7391
2099	5972
2099	51129
2099	595
2099	335
2099	348
2099	1026
2099	1588
2099	1543
2099	1956
2099	3880
2099	8996
2099	10957
2099	5449
2099	6594
2099	6595
2099	1081
2099	4907
2099	6401
2099	4057
2099	5669
2099	1831
2099	1594
2099	7015
2099	4846
2099	8431
2099	3315
2099	790
2099	124872
2100	5241
2100	5914
2100	6776
2100	51129
2100	1956
2100	10957
2100	5449
2100	6594
2100	6595
2100	6401
2100	1594
2100	7015
2100	4846
2113	2114
2113	2118
2113	4602
2113	4790
2113	5451
2113	5452
2113	5914
2113	861
2113	7020
2113	5972
2113	8731
2113	5328
2113	1508
2113	595
2113	1447
2113	7037
2113	8061
2113	4316
2113	5243
2113	1012
2113	1026
2113	9982
2113	4318
2113	8996
2113	5744
2113	4056
2113	6573
2113	925
2113	7368
2113	4057
2113	4311
2113	4321
2113	4481
2113	10875
2113	2204
2113	2623
2113	5046
2113	7076
2113	943
2113	3162
2113	1594
2113	920
2113	26229
2113	5175
2113	3560
2113	4846
2113	4314
2113	7134
2113	290
2113	142
2113	3875
2113	3718
2113	3687
2113	10148
2113	921
2113	4830
2113	4332
2113	146664
2113	6916
2113	6948
2113	7412
2114	2118
2114	2313
2114	4602
2114	5451
2114	7020
2114	5328
2114	595
2114	8061
2114	4318
2114	8996
2114	5744
2114	1113
2114	1081
2114	4481
2114	11344
2114	2623
2114	1583
2114	920
2114	7015
2114	4314
2114	290
2114	3875
2114	3718
2114	146664
2114	9332
2114	2629
2118	2313
2118	4602
2118	7391
2118	7490
2118	3356
2118	4316
2118	1071
2118	4318
2118	4585
2118	5329
2118	3077
2118	4321
2118	5669
2118	6441
2118	7077
2118	5046
2118	7076
2118	683
2118	4846
2118	4314
2118	7431
2118	146664
2118	6916
2118	8174
2118	695
2118	4322
2118	6556
2313	6688
2313	7020
2313	595
2313	3398
2313	1026
2313	4318
2313	9412
2313	2516
2313	2623
2313	3162
2313	7015
2313	4314
2313	7134
2313	290
3201	5914
3201	7020
3204	5914
3204	7051
3214	5914
3214	7391
3214	7392
3214	8996
3728	5371
3728	5914
3728	861
3728	6932
3728	7020
3728	595
4602	4790
4602	5241
4602	5933
4602	861
4602	6688
4602	7020
4602	7490
4602	2152
4602	7018
4602	8900
4602	1956
4602	2805
4602	23415
4602	131096
4602	8996
4602	5742
4602	6280
4602	5111
4602	3308
4602	4144
4602	4353
4602	5669
4602	2204
4602	1465
4602	1831
4602	1991
4602	2623
4602	89874
4602	4953
4602	9156
4602	920
4602	875
4602	290
4602	7431
4602	142
4602	921
4602	4830
4602	4332
4602	6916
4602	6948
4602	1736
4782	5451
4782	7020
4782	7490
4782	1906
4782	2152
4782	5327
4782	6319
4782	2670
4782	7018
4782	6121
4782	1543
4782	2805
4782	8996
4782	5449
4782	6439
4782	3569
4782	1081
4782	2689
4782	9412
4782	189
4782	183
4782	7368
4782	6647
4782	2006
4782	2908
4782	3162
4782	1594
4782	1583
4782	3291
4782	7980
4782	4830
4782	7343
4782	6617
4790	5966
4790	7490
4790	1906
4790	8731
4790	5328
4790	2152
4790	6352
4790	1508
4790	345
4790	3383
4790	595
4790	1447
4790	374
4790	354
4790	5243
4790	231
4790	348
4790	958
4790	9308
4790	1012
4790	1588
4790	23415
4790	131096
4790	3818
4790	4318
4790	8996
4790	5284
4790	5742
4790	5744
4790	3569
4790	5329
4790	6532
4790	7150
4790	7433
4790	6401
4790	4144
4790	6647
4790	2668
4790	2204
4790	2194
4790	8288
4790	1465
4790	929
4790	1645
4790	5082
4790	5980
4790	7076
4790	2908
4790	3162
4790	1594
4790	1583
4790	683
4790	3559
4790	3291
4790	7980
4790	330
4790	4314
4790	7134
4790	7431
4790	3315
4790	10148
4790	7412
4790	8174
4790	4322
4790	6556
4790	959
4790	3485
4790	973
4790	933
4790	2
4790	567
5079	5451
5079	6776
5079	131096
7849	7490
7849	7080
7849	6528
7849	7038
7849	7173
7849	1734
5241	5972
5241	354
5241	213
5241	8996
5241	1113
5241	1081
5241	3484
8554	6776
8554	1030
9063	6776
9063	1030
5371	5914
5371	6688
5371	8900
5451	5966
5451	861
5451	6688
5451	7020
5451	5328
5451	595
5451	213
5451	3630
5451	7080
5451	8996
5451	5449
5451	6707
5451	11336
5451	7150
5451	7432
5451	5669
5451	10875
5451	1831
5451	1645
5451	3122
5451	1594
5451	3560
5451	7980
5451	3687
5451	7412
5451	5730
5451	973
5451	6590
5451	6617
5451	1178
5451	4435
5452	5966
5452	6688
5452	8996
5452	7432
5452	3122
5452	3112
5452	3687
5452	973
5452	933
5460	5914
5460	7432
5914	5915
5914	5916
5914	6688
5914	6932
5914	7490
5914	5328
5914	5327
5914	6319
5914	51129
5914	3383
5914	8900
5914	374
5914	6121
5914	5243
5914	231
5914	213
5914	250
5914	8209
5914	1012
5914	1026
5914	1071
5914	1382
5914	1588
5914	1592
5914	3292
5914	3630
5914	8570
5914	3880
5914	4582
5914	4585
5914	4586
5914	7080
5914	10957
5914	5449
5914	5744
5914	5920
5914	6279
5914	6280
5914	6439
5914	6528
5914	6594
5914	6595
5914	6609
5914	7038
5914	7051
5914	7173
5914	54575
5914	3569
5915	5916
5915	5327
5915	3383
5915	595
5915	6121
5915	250
5915	1012
5915	1071
5915	1382
5915	3630
5915	8570
5915	3880
5915	7080
5915	8996
5915	10957
5915	5449
5915	5744
5915	5920
5915	6279
5915	6280
5915	6439
5915	6528
5915	6594
5915	6595
5915	7038
5915	7051
5915	7173
5915	7015
5916	3383
5916	595
5916	6121
5916	250
5916	1012
5916	1071
5916	1382
5916	1592
5916	3630
5916	8570
5916	7080
5916	10957
5916	5449
5916	5744
5916	5920
5916	6279
5916	6280
5916	6439
5916	6528
5916	6594
5916	6595
5916	7038
5916	7051
5916	7173
5933	595
5966	6688
5966	2152
5966	6352
5966	3383
5966	1012
5966	1956
5966	3569
5966	1465
5966	3559
5966	959
861	6688
8607	6932
6688	6352
6688	3383
6688	8209
6688	958
6688	1012
6688	6280
6688	949
6688	4057
6688	4311
6688	4321
6688	4353
6688	4481
6688	2322
6688	1991
6688	2623
6688	4846
6688	3687
6688	10148
6688	4332
6688	6916
6688	9332
6688	695
6688	6556
6688	933
6688	567
6688	1178
6688	950
6776	30837
6776	8731
6776	9655
6776	595
6776	5292
6776	1447
6776	958
6776	1956
6776	4582
6776	3569
6776	11336
6776	2322
6776	1056
6776	3559
6776	7078
6776	3718
6776	5551
6776	754
6932	595
6932	8061
6932	4316
6932	332
7020	2152
7020	5327
7020	4137
7020	2670
7020	5292
7020	5443
7020	4316
7020	5243
7020	348
7020	1026
7020	1382
7020	1956
7020	3292
7020	8996
7020	6609
7020	7173
7020	1113
7020	1081
7020	2689
7020	4056
7020	4907
7020	5329
7020	6573
7020	6532
7020	11336
7020	328
7020	43
7020	7150
7020	7433
7020	5179
7020	3077
7020	5669
7020	6647
7020	7166
7020	2668
7020	2194
7020	7077
7020	2006
7020	891
7020	3481
7020	1645
7020	89874
7020	4200
7020	4953
7020	56125
7020	5046
7020	5980
7020	5055
7020	6723
7020	6725
7020	7076
7020	2908
7020	1655
7020	3162
7020	1621
7020	1583
7020	1139
7020	9620
7020	683
7020	593
7020	5175
7020	875
7020	3560
7020	768
7020	4846
7020	3315
7020	142
7020	6916
7020	6948
7020	8174
7020	6556
7020	5730
7020	3868
7020	3485
7020	973
7020	933
7020	6590
7020	7343
7020	4435
7020	1576
7020	1509
7391	2205
7391	1508
7391	345
7391	595
7391	5443
7391	351
7391	213
7391	348
7391	1588
7391	1543
7391	3630
7391	3991
7391	5284
7391	3569
7391	1113
7391	1081
7391	2689
7391	6573
7391	796
7391	328
7391	5669
7391	2194
7391	1551
7391	1056
7391	891
7391	943
7391	3162
7391	7015
7391	790
7391	124872
7391	6948
7391	6617
7391	1048
7391	567
7391	4435
7391	1509
7392	2205
7392	1508
7392	345
7392	351
7392	213
7392	348
7392	1588
7392	3630
7392	3991
7392	5284
7392	1113
7392	1081
7392	2689
7392	6573
7392	796
7392	5669
7392	1056
7392	891
7392	943
7392	3162
7392	875
7392	7015
7392	790
7392	124872
7392	6948
7392	1048
7392	567
7392	4435
7392	1509
7490	5243
7490	1026
7490	1956
7490	8996
7490	2516
7490	6647
7490	3481
7490	89874
7490	4953
7490	1594
7490	7015
7490	3560
